%%%%%%%%%%%%%%%Thermionic Emission%%%%%%%%%%%%%%%%%%
Iag=[0.00584 0.00450 0.00150 0.0460 1.53 85 240 335 765];
Vf=[1.257 3.023 3.158 3.41 4.01 5.01 5.29 5.40 5.60];
hold on;
scatter(Vf,Iag)
plot(Vf,Iag)
%%%%%%%%%%%%%%%%%%%%%%%%%%%%%%%%%%%%%%%%%%%%%%%%%%%%%%%%%%

%%%%%%%%%%%%%%%Ionization%%%%%%%%%%%%%%%%%%%%%%
V_gc=[0.048 1.017 2.036 3.073 4.14 5.02 6.02 7.01 8.05 9.01 11.13 11.83 12.02 12.36 12.72 13.03 14.03 15.03 16.03 17.02 18.03 19 20.03 21.01 21.99 23.01 24.01 25.03];
I_a=[0.00582 0.00588 0.0059 0.0053 0.0058 0.0057 0.00565 0.0054 0.0056 0.0057 0.00565 0.0133 0.015 0.03 0.055 0.1 0.3 0.59 0.91 1.25 1.63 2.03 2.52 3.04 3.61 4.33 5.11 6];
hold on;
e=std(I_a)*ones(size(V_gc));
scatter(V_gc, I_a, 'o')
plot(V_gc, I_a)
%errorbar(V_gc, I_a, e)
%%%%%%%%%%%%%%%%%%%%%%%%%%%%%%%%%%%%%%%%%%%%%%%%%%

%%%%%%%%%%%%%%%Excitation%%%%%%%%%%%%%%%%%%%%%%
Ia1=[-0.00540 -0.00550 -0.00520 -0.00564 -0.00523 -0.00480 -0.00364 -0.00250 -0.00023 0.00050 0.00105 0.03 0.10 0.07 10.08 9.90 9.97 9.90 9.60 9.52 9.33 9.27 9.25 9.50 9.68 9.80 10.88 13.16 13.98 16.24 17.98 18.01 17.90 17.62 17.83 17.60 18.20 19.0 19.37 21.2 24.3 27.7 30.3 33.1 34.6 37.8 25.7 25.2 24.5 25 26.1 26.4 27.1 28.3 30 31 32.8 34.8 38.6 40.4 43.3 47.9 53.3 99.1];
vgc1=[0.050 1 2.159 3.075 4.00 7.67 8.24 8.64 8.85 9.06 9.23 10.07 10.57 10.61 11.96 12.01 12.15 12.30 12.46 12.52 12.65 12.80 13.06 13.27 13.38 13.50 14.01 15.02 15.29 16.03 17.01 17.34 17.46 18.02 18.25 17.92 18.50 19.02 19.27 20.09 21.03 22.04 23.02 24.19 24.58 25.16 25.42 26.23 27.05 28.09 29.02 30.01 30.98 33.0 35 36 38.2 40 43.5 45 47 50 53.1 55.9];
hold on;
scatter(vgc1,Ia1)
plot(vgc1,Ia1)
Ia2=[-0.0050 -0.0050 -0.0050 -0.0040 0.012 0.034 0.048 0.141 0.196 0.266 0.315 0.295 0.257 0.266 0.311 0.520 0.741 1.149 1.223 1.229 1.188 1.069 0.990 0.962 0.962 1.014 1.156 2.01 2.21 2.2 2.17 2.2 2.46 3.07 4.06 4.52 5.07 5.45 6.6 7.44 8.54 9.88 11.07 13.2 15.18 18.70 16.9 19.9 25 11.3 11.4 11.6 12.3 12.8 13.7 14.6];
vgc2=[0.048 1 4.5 6.0 8.71 9.28 9.60 10.61 10.93 11.31 11.82 12.23 12.7 12.91 13.2 14.31 15.01 16.01 16.43 16.6 16.85 17.23 17.46 17.68 17.99 18.48 19.17 21.03 21.72 22.16 22.63 23.13 24.12 25.17 26.48 27.58 29.41 29.99 31.31 32.04 33.0 34.0 34.9 36.2 37.1 38.3 38.9 40.3 41.9 42.0 43.0 45.2 48.0 50.3 53.3 55.9];
hold on;
scatter(vgc2,Ia2)
plot(vgc2,Ia2)
%%%%%%%%%%%%%%%%%%%%%%%%%%%%%%%%%%%%%%%%%%%%%%%%%%

%%%%%%%%%%%%%%%%%%%%%%%%Ramsuer%%%%%%%%%%%%%%%%%%%%%%%%%%%%%
Ia_cold=-1*[1068 1080 1096 1112 1135 1158 1207 1303 1387 1467 1478 1485 1498 1517 1549 1563 1614 1657 1671 1684 1701 1700 1700 1694 1685 1679 1674 1663 1643 1603 1499 1338 1313 1184 1113 1075 885 709 620 508 439 340 285 271 234 198 185];
Vc=[5.01 4.18 4.02 3.79 3.51 3.31 2.95 2.519 2.245 2.2022 1.992 1.974 1.940 1.892 1.808 1.772 1.633 1.499 1.448 1.390 1.266 1.221 1.195 1.114 1.075 1.051 1.036 1.004 0.963 0.897 0.777 0.650 0.633 0.554 0.515 0.495 0.399 0.314 0.271 0.214 0.171 0.119 0.083 0.073 0.045 0.016 0.005];
Ia_room=-1*[1087 1084 1090 1102 1123 1142 1195 1295 1379 1458 1468 1475 1486 1504 1536 1548 1593 1631 1640 1647 1653 1649 1644 1625 1610 1598 1590 1575 1544 1486 1354 1188 1144 1012 931 881 694 530 445 347 280 214 172 161 137 112 102]; 
hold on;
scatter(Vc,Ia_cold)
scatter(Vc,Ia_room)
plot(Vc,log(Ia_cold./Ia_room))
%%%%%%%%%%%%%%%%%%%%%%%%%%%%%%%%%%%%%%%%%%%%%%%%%%%%%%%%%%%%
